2 300 0.044725894928
22 300 0.10809803009
42 300 0.200291872025
62 300 0.370748996735
82 300 0.423089027405
102 300 0.569283008575
122 300 0.716487884521
142 300 0.871755123138
162 300 1.01994514465
182 300 1.12062597275
202 300 1.34998416901
222 300 1.52171993256
242 300 1.71325707436
262 300 1.93674015999
282 300 2.3598279953
302 300 2.49754881859
322 300 2.73399591446
342 300 2.93121409416
362 300 3.15852093697
382 300 3.5812599659
402 300 3.91747188568
422 300 4.13339400291
442 300 4.40818095207
462 300 4.48847413063
482 300 4.86436796188
502 300 5.12438797951
522 300 5.44401192665
542 300 5.837911129
562 300 6.22387480736
582 300 6.66505217552
602 300 6.88455414772
622 300 7.70965385437
642 300 8.22353196144
662 300 8.59089493752
682 300 9.21934008598
702 300 9.27900695801
722 300 10.0953500271
742 300 10.4600279331
762 300 10.4471490383
782 300 11.3839888573
802 300 11.9469048977
822 300 12.3557260036
842 300 12.7265031338
862 300 13.050093174
882 300 13.6071109772
902 300 14.2028691769
922 300 15.350328207
942 300 15.6540491581
962 300 16.2734918594
982 300 16.8083970547
1002 300 17.1469969749
