2 3 0.00399208068848
2 8 0.00452589988708
2 13 0.00502586364746
2 18 0.00483989715576
2 23 0.00471711158752
2 28 0.00496816635132
2 33 0.0064709186554
2 38 0.0056939125061
2 43 0.00697994232178
2 48 0.00650000572205
2 53 0.0102980136871
2 58 0.00593495368958
2 63 0.00675082206726
2 68 0.00794982910156
2 73 0.00779604911804
2 78 0.0091609954834
2 83 0.00734686851501
2 88 0.0115020275116
2 93 0.00946712493896
2 98 0.00938987731934
2 103 0.00850105285645
2 108 0.00908017158508
2 113 0.00904393196106
2 118 0.0100500583649
2 123 0.0117020606995
2 128 0.00804996490479
2 133 0.00974488258362
2 138 0.0107491016388
2 143 0.0102829933167
2 148 0.0132620334625
2 153 0.0133850574493
2 158 0.0100338459015
2 163 0.0127079486847
2 168 0.0122668743134
2 173 0.014023065567
2 178 0.0148100852966
2 183 0.0135340690613
2 188 0.0162069797516
2 193 0.0137369632721
2 198 0.0146651268005
7 3 0.0017409324646
7 8 0.00966715812683
7 13 0.0100781917572
7 18 0.0102400779724
7 23 0.0124700069427
7 28 0.0124130249023
7 33 0.0120038986206
7 38 0.0134439468384
7 43 0.0131239891052
7 48 0.0148229598999
7 53 0.0176100730896
7 58 0.0169920921326
7 63 0.0147500038147
7 68 0.0183260440826
7 73 0.0169630050659
7 78 0.0157830715179
7 83 0.0180032253265
7 88 0.0211272239685
7 93 0.0162589550018
7 98 0.0172581672668
7 103 0.0183420181274
7 108 0.0162959098816
7 113 0.017235994339
7 118 0.0177888870239
7 123 0.0171060562134
7 128 0.0199029445648
7 133 0.019868850708
7 138 0.0200710296631
7 143 0.0225050449371
7 148 0.0214188098907
7 153 0.0210449695587
7 158 0.0244748592377
7 163 0.0228409767151
7 168 0.0247318744659
7 173 0.0227270126343
7 178 0.0247259140015
7 183 0.0251278877258
7 188 0.025502204895
7 193 0.0258440971375
7 198 0.0271799564362
12 3 0.0022668838501
12 8 0.0141839981079
12 13 0.0150089263916
12 18 0.0162489414215
12 23 0.0187799930573
12 28 0.0200200080872
12 33 0.0213868618011
12 38 0.0210559368134
12 43 0.0218510627747
12 48 0.0222730636597
12 53 0.0232470035553
12 58 0.0262351036072
12 63 0.0244090557098
12 68 0.0240838527679
12 73 0.0241799354553
12 78 0.0273149013519
12 83 0.0278799533844
12 88 0.027911901474
12 93 0.0323438644409
12 98 0.0305080413818
12 103 0.0310559272766
12 108 0.0308191776276
12 113 0.0297739505768
12 118 0.031553030014
12 123 0.0323009490967
12 128 0.0350689888
12 133 0.0337479114532
12 138 0.031830072403
12 143 0.0361008644104
12 148 0.0304250717163
12 153 0.0352070331573
12 158 0.0347158908844
12 163 0.0353031158447
12 168 0.0410439968109
12 173 0.0381989479065
12 178 0.0415019989014
12 183 0.0372459888458
12 188 0.0381789207458
12 193 0.0383999347687
12 198 0.0415010452271
17 3 0.00274920463562
17 8 0.0192549228668
17 13 0.0231659412384
17 18 0.02401304245
17 23 0.0252568721771
17 28 0.0257709026337
17 33 0.0269379615784
17 38 0.0294120311737
17 43 0.0302529335022
17 48 0.0310850143433
17 53 0.0292410850525
17 58 0.0336380004883
17 63 0.0367741584778
17 68 0.036633014679
17 73 0.03156208992
17 78 0.0403029918671
17 83 0.034793138504
17 88 0.0378439426422
17 93 0.0368430614471
17 98 0.0398700237274
17 103 0.0359981060028
17 108 0.0383231639862
17 113 0.0413069725037
17 118 0.0400331020355
17 123 0.0415890216827
17 128 0.0440719127655
17 133 0.0431411266327
17 138 0.0476069450378
17 143 0.0443558692932
17 148 0.0471639633179
17 153 0.0464890003204
17 158 0.04456782341
17 163 0.0528378486633
17 168 0.0509359836578
17 173 0.0520489215851
17 178 0.0506081581116
17 183 0.0566101074219
17 188 0.0511028766632
17 193 0.0531558990479
17 198 0.0569581985474
22 3 0.00308394432068
22 8 0.0257768630981
22 13 0.0274391174316
22 18 0.0300500392914
22 23 0.030660867691
22 28 0.0318880081177
22 33 0.0404660701752
22 38 0.035010099411
22 43 0.036740064621
22 48 0.036712884903
22 53 0.0412859916687
22 58 0.0406100749969
22 63 0.0424780845642
22 68 0.0437099933624
22 73 0.0469641685486
22 78 0.0459399223328
22 83 0.0445671081543
22 88 0.0467309951782
22 93 0.0462071895599
22 98 0.0509350299835
22 103 0.0522499084473
22 108 0.054878950119
22 113 0.0535769462585
22 118 0.056615114212
22 123 0.0526859760284
22 128 0.0562360286713
22 133 0.059928894043
22 138 0.0555880069733
22 143 0.0562269687653
22 148 0.0566420555115
22 153 0.0592951774597
22 158 0.063295841217
22 163 0.0649099349976
22 168 0.0625731945038
22 173 0.0651760101318
22 178 0.0653820037842
22 183 0.0655868053436
22 188 0.0688979625702
22 193 0.0736570358276
22 198 0.0748507976532
27 3 0.00548315048218
27 8 0.028303861618
27 13 0.0342600345612
27 18 0.0382750034332
27 23 0.0394339561462
27 28 0.0387489795685
27 33 0.0436918735504
27 38 0.0442259311676
27 43 0.0465729236603
27 48 0.0481588840485
27 53 0.0481600761414
27 58 0.0527908802032
27 63 0.0534799098969
27 68 0.0543479919434
27 73 0.0553951263428
27 78 0.0551149845123
27 83 0.0579490661621
27 88 0.058012008667
27 93 0.0621161460876
27 98 0.0631239414215
27 103 0.0635168552399
27 108 0.0658929347992
27 113 0.0620529651642
27 118 0.0685729980469
27 123 0.070464849472
27 128 0.0682501792908
27 133 0.0675890445709
27 138 0.0674118995667
27 143 0.068895816803
27 148 0.0687968730927
27 153 0.0738549232483
27 158 0.0779099464417
27 163 0.0751898288727
27 168 0.0788049697876
27 173 0.0757029056549
27 178 0.0811338424683
27 183 0.0834350585938
27 188 0.0847690105438
27 193 0.0836238861084
27 198 0.0909149646759
32 3 0.00603795051575
32 8 0.0321199893951
32 13 0.0405240058899
32 18 0.0423898696899
32 23 0.0459859371185
32 28 0.0468649864197
32 33 0.049250125885
32 38 0.0524079799652
32 43 0.0533211231232
32 48 0.0584189891815
32 53 0.0584971904755
32 58 0.0599701404572
32 63 0.0601620674133
32 68 0.0673651695251
32 73 0.0635550022125
32 78 0.0662448406219
32 83 0.06968998909
32 88 0.0685379505157
32 93 0.0724070072174
32 98 0.0746331214905
32 103 0.0756371021271
32 108 0.0783679485321
32 113 0.0790929794312
32 118 0.0778300762177
32 123 0.0799608230591
32 128 0.0815849304199
32 133 0.0836508274078
32 138 0.0796899795532
32 143 0.0822620391846
32 148 0.0889611244202
32 153 0.0864770412445
32 158 0.091805934906
32 163 0.0912499427795
32 168 0.0956919193268
32 173 0.0926201343536
32 178 0.0907669067383
32 183 0.0985469818115
32 188 0.0968210697174
32 193 0.0997889041901
32 198 0.0967900753021
37 3 0.00694489479065
37 8 0.0394289493561
37 13 0.0434648990631
37 18 0.0473370552063
37 23 0.0547640323639
37 28 0.0544691085815
37 33 0.0579488277435
37 38 0.064169883728
37 43 0.0602879524231
37 48 0.0672888755798
37 53 0.0649559497833
37 58 0.0701198577881
37 63 0.0710589885712
37 68 0.072811126709
37 73 0.0748708248138
37 78 0.0793099403381
37 83 0.0802800655365
37 88 0.0821599960327
37 93 0.0822610855103
37 98 0.0810039043427
37 103 0.0824048519135
37 108 0.0823769569397
37 113 0.0881910324097
37 118 0.0882501602173
37 123 0.0914249420166
37 128 0.0892698764801
37 133 0.0921289920807
37 138 0.100526094437
37 143 0.0952498912811
37 148 0.0965390205383
37 153 0.101344823837
37 158 0.102559804916
37 163 0.101557016373
37 168 0.107820034027
37 173 0.10865521431
37 178 0.106244087219
37 183 0.112503051758
37 188 0.116012096405
37 193 0.11923789978
37 198 0.124336957932
42 3 0.00795197486877
42 8 0.0472419261932
42 13 0.046924829483
42 18 0.0543301105499
42 23 0.0574810504913
42 28 0.0643110275269
42 33 0.0681209564209
42 38 0.0738019943237
42 43 0.0695288181305
42 48 0.0762279033661
42 53 0.0762419700623
42 58 0.076966047287
42 63 0.0786380767822
42 68 0.0804719924927
42 73 0.0887200832367
42 78 0.0859770774841
42 83 0.0941078662872
42 88 0.0897459983826
42 93 0.092080116272
42 98 0.090558052063
42 103 0.101958036423
42 108 0.101390123367
42 113 0.10583782196
42 118 0.102995872498
42 123 0.107751846313
42 128 0.104269981384
42 133 0.103231906891
42 138 0.106065988541
42 143 0.113032817841
42 148 0.114764928818
42 153 0.117772817612
42 158 0.120573997498
42 163 0.122245073318
42 168 0.120494127274
42 173 0.126117944717
42 178 0.131491184235
42 183 0.126415967941
42 188 0.131705999374
42 193 0.130820989609
42 198 0.132761955261
47 3 0.00615096092224
47 8 0.0529389381409
47 13 0.0579450130463
47 18 0.0603461265564
47 23 0.0665709972382
47 28 0.0718679428101
47 33 0.0762579441071
47 38 0.0802948474884
47 43 0.0814690589905
47 48 0.083046913147
47 53 0.0860049724579
47 58 0.0877048969269
47 63 0.0945768356323
47 68 0.0953469276428
47 73 0.0995421409607
47 78 0.11283493042
47 83 0.0978620052338
47 88 0.106595993042
47 93 0.101245164871
47 98 0.106812953949
47 103 0.114804029465
47 108 0.116779088974
47 113 0.112054109573
47 118 0.116024971008
47 123 0.115467071533
47 128 0.120503902435
47 133 0.125615119934
47 138 0.122728824615
47 143 0.129479169846
47 148 0.12410902977
47 153 0.13593506813
47 158 0.127866029739
47 163 0.135284900665
47 168 0.137172937393
47 173 0.149351835251
47 178 0.1442091465
47 183 0.144070148468
47 188 0.151548147202
47 193 0.148962020874
47 198 0.150532960892
52 3 0.00663805007935
52 8 0.0500259399414
52 13 0.06409907341
52 18 0.0700531005859
52 23 0.0728900432587
52 28 0.079097032547
52 33 0.0818860530853
52 38 0.0835981369019
52 43 0.0897259712219
52 48 0.0977849960327
52 53 0.0929870605469
52 58 0.0998840332031
52 63 0.102138996124
52 68 0.103462934494
52 73 0.1073179245
52 78 0.108598947525
52 83 0.115165948868
52 88 0.113746166229
52 93 0.115005016327
52 98 0.120937108994
52 103 0.116652965546
52 108 0.125983953476
52 113 0.127665042877
52 118 0.132582902908
52 123 0.130200147629
52 128 0.132097005844
52 133 0.135368108749
52 138 0.140269994736
52 143 0.142063856125
52 148 0.14598608017
52 153 0.149506807327
52 158 0.149441957474
52 163 0.150676965714
52 168 0.154179811478
52 173 0.15874004364
52 178 0.161597967148
52 183 0.156388044357
52 188 0.177727937698
52 193 0.167959928513
52 198 0.166422843933
57 3 0.0102300643921
57 8 0.0621948242188
57 13 0.0685000419617
57 18 0.0732378959656
57 23 0.0833129882812
57 28 0.0874519348145
57 33 0.0916268825531
57 38 0.0931620597839
57 43 0.0902831554413
57 48 0.101712942123
57 53 0.101590156555
57 58 0.113171815872
57 63 0.11213517189
57 68 0.125352144241
57 73 0.11862206459
57 78 0.131565093994
57 83 0.126869916916
57 88 0.130168914795
57 93 0.131730079651
57 98 0.14373922348
57 103 0.13423705101
57 108 0.138742923737
57 113 0.149518966675
57 118 0.157299041748
57 123 0.149277210236
57 128 0.157294034958
57 133 0.157612085342
57 138 0.156800985336
57 143 0.163840055466
57 148 0.178343057632
57 153 0.167232036591
57 158 0.173012971878
57 163 0.1723549366
57 168 0.184119939804
57 173 0.183575868607
57 178 0.184280872345
57 183 0.18510389328
57 188 0.178945064545
57 193 0.193892002106
57 198 0.195886135101
62 3 0.0112030506134
62 8 0.0711650848389
62 13 0.0777909755707
62 18 0.0849750041962
62 23 0.0928728580475
62 28 0.0972950458527
62 33 0.106542825699
62 38 0.111032962799
62 43 0.117836952209
62 48 0.117400884628
62 53 0.120002985001
62 58 0.128762960434
62 63 0.132255077362
62 68 0.130076169968
62 73 0.133353948593
62 78 0.134730815887
62 83 0.140501976013
62 88 0.145462036133
62 93 0.152689933777
62 98 0.154204130173
62 103 0.160295009613
62 108 0.156790018082
62 113 0.159322023392
62 118 0.167237043381
62 123 0.16392993927
62 128 0.1798620224
62 133 0.172189950943
62 138 0.178961038589
62 143 0.184304952621
62 148 0.184787988663
62 153 0.190948963165
62 158 0.200380086899
62 163 0.186441898346
62 168 0.20011806488
62 173 0.191220998764
62 178 0.190268993378
62 183 0.206604957581
62 188 0.211172103882
62 193 0.205295085907
62 198 0.214578866959
67 3 0.00904202461243
67 8 0.0763399600983
67 13 0.0863060951233
67 18 0.091598033905
67 23 0.099328994751
67 28 0.102782964706
67 33 0.108364105225
67 38 0.109674930573
67 43 0.126001834869
67 48 0.134181976318
67 53 0.133285045624
67 58 0.13675904274
67 63 0.137522935867
67 68 0.148445129395
67 73 0.149181842804
67 78 0.148890972137
67 83 0.151578903198
67 88 0.151116132736
67 93 0.16523194313
67 98 0.170737981796
67 103 0.171218156815
67 108 0.166639089584
67 113 0.179276943207
67 118 0.1751101017
67 123 0.177474021912
67 128 0.178688049316
67 133 0.186287879944
67 138 0.184076070786
67 143 0.189931154251
67 148 0.197614908218
67 153 0.201724052429
67 158 0.198606967926
67 163 0.221112012863
67 168 0.217599868774
67 173 0.221884012222
67 178 0.227272033691
67 183 0.221750020981
67 188 0.222300052643
67 193 0.244642019272
67 198 0.231807947159
72 3 0.0127658843994
72 8 0.0658280849457
72 13 0.0922410488129
72 18 0.0997128486633
72 23 0.10431098938
72 28 0.11658000946
72 33 0.119879961014
72 38 0.129672050476
72 43 0.140334129333
72 48 0.140884876251
72 53 0.145737171173
72 58 0.150166034698
72 63 0.154334068298
72 68 0.144958972931
72 73 0.160520076752
72 78 0.165022134781
72 83 0.171236991882
72 88 0.172374010086
72 93 0.171204805374
72 98 0.177667856216
72 103 0.17919588089
72 108 0.192728042603
72 113 0.189001083374
72 118 0.19669508934
72 123 0.20473408699
72 128 0.204152107239
72 133 0.19719004631
72 138 0.214697122574
72 143 0.207499980927
72 148 0.216485023499
72 153 0.219330072403
72 158 0.213298082352
72 163 0.239832878113
72 168 0.223093032837
72 173 0.238490104675
72 178 0.248387098312
72 183 0.244421005249
72 188 0.23948597908
72 193 0.253201007843
72 198 0.24707198143
77 3 0.0128879547119
77 8 0.0811669826508
77 13 0.0955760478973
77 18 0.106674909592
77 23 0.119630098343
77 28 0.126219034195
77 33 0.134608983994
77 38 0.13677406311
77 43 0.135049104691
77 48 0.153815031052
77 53 0.15328502655
77 58 0.157757997513
77 63 0.159981012344
77 68 0.16721200943
77 73 0.172759056091
77 78 0.175369977951
77 83 0.181526184082
77 88 0.189742803574
77 93 0.199981927872
77 98 0.188837051392
77 103 0.198338985443
77 108 0.193916082382
77 113 0.198886871338
77 118 0.212169885635
77 123 0.21469783783
77 128 0.211502075195
77 133 0.212552070618
77 138 0.262502193451
77 143 0.226125955582
77 148 0.235371828079
77 153 0.243662834167
77 158 0.232138872147
77 163 0.242667913437
77 168 0.245867967606
77 173 0.270126819611
77 178 0.253976106644
77 183 0.26545214653
77 188 0.269607067108
77 193 0.271614074707
77 198 0.269279003143
82 3 0.0208389759064
82 8 0.0868310928345
82 13 0.108865022659
82 18 0.110446929932
82 23 0.120190858841
82 28 0.126732110977
82 33 0.137903928757
82 38 0.155967950821
82 43 0.157660961151
82 48 0.158411026001
82 53 0.167081832886
82 58 0.16162610054
82 63 0.174208879471
82 68 0.171360969543
82 73 0.182641983032
82 78 0.187446117401
82 83 0.173143863678
82 88 0.190592050552
82 93 0.193648099899
82 98 0.203129768372
82 103 0.200005054474
82 108 0.205991029739
82 113 0.209240913391
82 118 0.210085868835
82 123 0.216258764267
82 128 0.214501142502
82 133 0.228260040283
82 138 0.234376907349
82 143 0.238607883453
82 148 0.247195005417
82 153 0.240651845932
82 158 0.254000902176
82 163 0.24830698967
82 168 0.26150894165
82 173 0.26185297966
82 178 0.272456884384
82 183 0.276194810867
82 188 0.300374984741
82 193 0.301259040833
82 198 0.320291996002
87 3 0.0120449066162
87 8 0.0775511264801
87 13 0.113932132721
87 18 0.119702100754
87 23 0.131482124329
87 28 0.143881082535
87 33 0.151170969009
87 38 0.151071071625
87 43 0.159996986389
87 48 0.168921947479
87 53 0.174497127533
87 58 0.182764053345
87 63 0.184880971909
87 68 0.189930915833
87 73 0.197981119156
87 78 0.196764230728
87 83 0.213968038559
87 88 0.219868898392
87 93 0.225250005722
87 98 0.220304965973
87 103 0.221794843674
87 108 0.23254609108
87 113 0.249162912369
87 118 0.240535020828
87 123 0.238130092621
87 128 0.265987873077
87 133 0.254568099976
87 138 0.258835077286
87 143 0.264393091202
87 148 0.273136138916
87 153 0.273212194443
87 158 0.293344974518
87 163 0.284667015076
87 168 0.290824890137
87 173 0.294672966003
87 178 0.301995992661
87 183 0.31661605835
87 188 0.308519124985
87 193 0.305953979492
87 198 0.327348947525
92 3 0.0171298980713
92 8 0.107597827911
92 13 0.126425027847
92 18 0.122625112534
92 23 0.150768041611
92 28 0.151482105255
92 33 0.167349815369
92 38 0.162916183472
92 43 0.17568397522
92 48 0.18260884285
92 53 0.182412862778
92 58 0.195275068283
92 63 0.202368021011
92 68 0.201358795166
92 73 0.200724124908
92 78 0.209888935089
92 83 0.224678039551
92 88 0.222763061523
92 93 0.242599964142
92 98 0.23517203331
92 103 0.229193210602
92 108 0.238651037216
92 113 0.246975898743
92 118 0.263988018036
92 123 0.257829904556
92 128 0.266376972198
92 133 0.281575918198
92 138 0.275326013565
92 143 0.293752908707
92 148 0.283785820007
92 153 0.291543960571
92 158 0.303639173508
92 163 0.302858829498
92 168 0.310874938965
92 173 0.313699960709
92 178 0.31887793541
92 183 0.322659015656
92 188 0.333012104034
92 193 0.335057973862
92 198 0.342971086502
97 3 0.0187840461731
97 8 0.0758039951324
97 13 0.125194787979
97 18 0.127243041992
97 23 0.139629840851
97 28 0.142921924591
97 33 0.151719093323
97 38 0.165971040726
97 43 0.169667005539
97 48 0.176143884659
97 53 0.184162855148
97 58 0.190637111664
97 63 0.192340135574
97 68 0.202708959579
97 73 0.202935934067
97 78 0.211817979813
97 83 0.228760957718
97 88 0.219784975052
97 93 0.227162122726
97 98 0.238842964172
97 103 0.23340511322
97 108 0.259788036346
97 113 0.268281936646
97 118 0.270857095718
97 123 0.278455972672
97 128 0.297955989838
97 133 0.29309797287
97 138 0.297545194626
97 143 0.323601007462
97 148 0.306935071945
97 153 0.339098930359
97 158 0.316949129105
97 163 0.33035993576
97 168 0.349997997284
97 173 0.345137119293
97 178 0.35041809082
97 183 0.331280946732
97 188 0.330244064331
97 193 0.338716030121
97 198 0.339552879333
102 3 0.0190229415894
102 8 0.111407995224
102 13 0.123924016953
102 18 0.135880947113
102 23 0.152218818665
102 28 0.156632900238
102 33 0.17004108429
102 38 0.170435905457
102 43 0.183361053467
102 48 0.18719291687
102 53 0.201202869415
102 58 0.202281951904
102 63 0.211246967316
102 68 0.21702003479
102 73 0.228706121445
102 78 0.229867935181
102 83 0.232875823975
102 88 0.245111942291
102 93 0.239458084106
102 98 0.258889913559
102 103 0.255284070969
102 108 0.263384103775
102 113 0.273226976395
102 118 0.275033950806
102 123 0.281376123428
102 128 0.296985149384
102 133 0.286576032639
102 138 0.305158138275
102 143 0.298418045044
102 148 0.307383060455
102 153 0.318018913269
102 158 0.318628072739
102 163 0.335736036301
102 168 0.339555978775
102 173 0.343910932541
102 178 0.353726863861
102 183 0.348636865616
102 188 0.363436937332
102 193 0.372070074081
102 198 0.383541822433
107 3 0.0202538967133
107 8 0.115853071213
107 13 0.132451057434
107 18 0.146202087402
107 23 0.158643007278
107 28 0.168187141418
107 33 0.175656080246
107 38 0.184421777725
107 43 0.194967031479
107 48 0.213738918304
107 53 0.21208190918
107 58 0.212272167206
107 63 0.213715791702
107 68 0.237046003342
107 73 0.235545158386
107 78 0.241352796555
107 83 0.236454963684
107 88 0.248940944672
107 93 0.253301143646
107 98 0.262012958527
107 103 0.273833036423
107 108 0.279491186142
107 113 0.282705068588
107 118 0.284875869751
107 123 0.296422958374
107 128 0.314937829971
107 133 0.309203863144
107 138 0.317345142365
107 143 0.320863008499
107 148 0.318871974945
107 153 0.341281175613
107 158 0.342664957047
107 163 0.342503070831
107 168 0.351409912109
107 173 0.365437984467
107 178 0.372224092484
107 183 0.377614974976
107 188 0.384443998337
107 193 0.385771036148
107 198 0.393387794495
112 3 0.0214290618896
112 8 0.127859115601
112 13 0.141149044037
112 18 0.149001836777
112 23 0.16085600853
112 28 0.176479101181
112 33 0.180819988251
112 38 0.189958095551
112 43 0.210068941116
112 48 0.212415933609
112 53 0.216676950455
112 58 0.231502056122
112 63 0.241170167923
112 68 0.242225885391
112 73 0.245495080948
112 78 0.261533021927
112 83 0.254378795624
112 88 0.263994932175
112 93 0.2740650177
112 98 0.280612945557
112 103 0.288188934326
112 108 0.29843211174
112 113 0.297114849091
112 118 0.305560112
112 123 0.308660030365
112 128 0.313186168671
112 133 0.324762105942
112 138 0.334490060806
112 143 0.34073805809
112 148 0.354398012161
112 153 0.356466054916
112 158 0.367522001266
112 163 0.382037878036
112 168 0.38813996315
112 173 0.37606215477
112 178 0.401496171951
112 183 0.404823064804
112 188 0.416347980499
112 193 0.408246994019
112 198 0.426381826401
117 3 0.0223050117493
117 8 0.133240938187
117 13 0.153980970383
117 18 0.163758039474
117 23 0.174665927887
117 28 0.195358037949
117 33 0.195457935333
117 38 0.205761194229
117 43 0.22465801239
117 48 0.221320152283
117 53 0.228082895279
117 58 0.233702898026
117 63 0.250343084335
117 68 0.259562015533
117 73 0.26470208168
117 78 0.276434898376
117 83 0.283498048782
117 88 0.284934043884
117 93 0.296509027481
117 98 0.301841974258
117 103 0.310790061951
117 108 0.311408996582
117 113 0.319529056549
117 118 0.325742959976
117 123 0.326318025589
117 128 0.343316793442
117 133 0.344921112061
117 138 0.362280845642
117 143 0.359437227249
117 148 0.36437702179
117 153 0.379199028015
117 158 0.383102893829
117 163 0.394986867905
117 168 0.40065407753
117 173 0.402629137039
117 178 0.417941808701
117 183 0.41638302803
117 188 0.426489114761
117 193 0.441134929657
117 198 0.44101023674
122 3 0.0188610553741
122 8 0.143936872482
122 13 0.155987977982
122 18 0.170804977417
122 23 0.185436010361
122 28 0.190047025681
122 33 0.209807872772
122 38 0.217324972153
122 43 0.231520175934
122 48 0.245343923569
122 53 0.246230840683
122 58 0.255612134933
122 63 0.266881942749
122 68 0.268405199051
122 73 0.281654834747
122 78 0.287446022034
122 83 0.285661935806
122 88 0.301206111908
122 93 0.3082010746
122 98 0.316949129105
122 103 0.324533939362
122 108 0.325484037399
122 113 0.337747097015
122 118 0.349442958832
122 123 0.351783037186
122 128 0.358151197433
122 133 0.366894006729
122 138 0.378575086594
122 143 0.37908911705
122 148 0.383994817734
122 153 0.392338991165
122 158 0.394750118256
122 163 0.41063284874
122 168 0.427985191345
122 173 0.432801008224
122 178 0.449018955231
122 183 0.443615198135
122 188 0.461941957474
122 193 0.465090036392
122 198 0.467585086823
127 3 0.0194051265717
127 8 0.137740135193
127 13 0.16486120224
127 18 0.176784992218
127 23 0.194007158279
127 28 0.204789876938
127 33 0.217427015305
127 38 0.228589057922
127 43 0.242161035538
127 48 0.253531932831
127 53 0.260280132294
127 58 0.26956987381
127 63 0.277367115021
127 68 0.288908958435
127 73 0.288419961929
127 78 0.309979915619
127 83 0.318243980408
127 88 0.314621925354
127 93 0.324986934662
127 98 0.330550193787
127 103 0.34047794342
127 108 0.355492830276
127 113 0.361342191696
127 118 0.366188049316
127 123 0.378791093826
127 128 0.375313043594
127 133 0.380340099335
127 138 0.38480091095
127 143 0.398374080658
127 148 0.398714065552
127 153 0.418332099915
127 158 0.425341129303
127 163 0.428739070892
127 168 0.455161809921
127 173 0.462337017059
127 178 0.456106901169
127 183 0.464751005173
127 188 0.478394985199
127 193 0.49832201004
127 198 0.484315156937
132 3 0.0262179374695
132 8 0.149346828461
132 13 0.16907286644
132 18 0.185490131378
132 23 0.209328889847
132 28 0.222687005997
132 33 0.229067802429
132 38 0.240092992783
132 43 0.252603054047
132 48 0.257612943649
132 53 0.266983032227
132 58 0.276718854904
132 63 0.2867000103
132 68 0.297782897949
132 73 0.299273967743
132 78 0.339579105377
132 83 0.323473930359
132 88 0.327731132507
132 93 0.342631816864
132 98 0.347532987595
132 103 0.357089996338
132 108 0.357159137726
132 113 0.375840187073
132 118 0.377653121948
132 123 0.376502037048
132 128 0.392499923706
132 133 0.401053190231
132 138 0.423269987106
132 143 0.427575111389
132 148 0.432286024094
132 153 0.434377908707
132 158 0.447829961777
132 163 0.46022605896
132 168 0.46418595314
132 173 0.464632987976
132 178 0.47892999649
132 183 0.484038114548
132 188 0.492846012115
132 193 0.507014989853
132 198 0.510414123535
137 3 0.0291450023651
137 8 0.160325050354
137 13 0.174046993256
137 18 0.194410800934
137 23 0.214829206467
137 28 0.22253704071
137 33 0.240114927292
137 38 0.25014591217
137 43 0.260303974152
137 48 0.270159006119
137 53 0.283540010452
137 58 0.294036865234
137 63 0.298686027527
137 68 0.313606977463
137 73 0.317358970642
137 78 0.325863838196
137 83 0.342834949493
137 88 0.338505029678
137 93 0.357666015625
137 98 0.367365121841
137 103 0.362301111221
137 108 0.367431879044
137 113 0.389780044556
137 118 0.390341043472
137 123 0.406137943268
137 128 0.410458803177
137 133 0.422305107117
137 138 0.440892934799
137 143 0.44738817215
137 148 0.456243991852
137 153 0.482339859009
137 158 0.470119953156
137 163 0.470321893692
137 168 0.488487958908
137 173 0.490549087524
137 178 0.515743970871
137 183 0.514981985092
137 188 0.520045042038
137 193 0.535300970078
137 198 0.556029081345
142 3 0.0284171104431
142 8 0.167052984238
142 13 0.170716047287
142 18 0.204396009445
142 23 0.216666936874
142 28 0.237304925919
142 33 0.254930973053
142 38 0.264451026917
142 43 0.274633169174
142 48 0.288171052933
142 53 0.286424875259
142 58 0.30103802681
142 63 0.322462797165
142 68 0.326947927475
142 73 0.334132194519
142 78 0.340041160583
142 83 0.345118045807
142 88 0.362906932831
142 93 0.379815101624
142 98 0.373469114304
142 103 0.377154827118
142 108 0.402148962021
142 113 0.404750108719
142 118 0.412733078003
142 123 0.427813053131
142 128 0.438364028931
142 133 0.44468998909
142 138 0.445084095001
142 143 0.451847076416
142 148 0.476409912109
142 153 0.4832239151
142 158 0.497009992599
142 163 0.507687091827
142 168 0.52964091301
142 173 0.51491689682
142 178 0.537604093552
142 183 0.534805059433
142 188 0.558527946472
142 193 0.552476882935
142 198 0.570468902588
147 3 0.0296831130981
147 8 0.167055845261
147 13 0.191231966019
147 18 0.20623588562
147 23 0.227785110474
147 28 0.242861032486
147 33 0.255332946777
147 38 0.271468877792
147 43 0.294825077057
147 48 0.301563024521
147 53 0.307934045792
147 58 0.313911914825
147 63 0.325508832932
147 68 0.340375900269
147 73 0.347231864929
147 78 0.349035978317
147 83 0.367525100708
147 88 0.374170780182
147 93 0.391963005066
147 98 0.386228084564
147 103 0.406059980392
147 108 0.413165092468
147 113 0.42170882225
147 118 0.439502000809
147 123 0.455464839935
147 128 0.456248044968
147 133 0.452390909195
147 138 0.480822086334
147 143 0.501216173172
147 148 0.489636898041
147 153 0.508414983749
147 158 0.520832061768
147 163 0.526635885239
147 168 0.525370836258
147 173 0.54261803627
147 178 0.555758953094
147 183 0.574733018875
147 188 0.564465999603
147 193 0.581610918045
147 198 0.597867965698
152 3 0.0248529911041
152 8 0.169800043106
152 13 0.199528932571
152 18 0.219874858856
152 23 0.235656023026
152 28 0.257601976395
152 33 0.264442920685
152 38 0.277329921722
152 43 0.293021917343
152 48 0.310668945312
152 53 0.319507837296
152 58 0.330460071564
152 63 0.33540391922
152 68 0.351806163788
152 73 0.362843990326
152 78 0.374554872513
152 83 0.371793031693
152 88 0.389569997787
152 93 0.406064033508
152 98 0.411082983017
152 103 0.418265104294
152 108 0.425698041916
152 113 0.44940495491
152 118 0.444715976715
152 123 0.469408035278
152 128 0.45646905899
152 133 0.481110095978
152 138 0.487059116364
152 143 0.507095098495
152 148 0.522592782974
152 153 0.521589040756
152 158 0.539702177048
152 163 0.553000926971
152 168 0.572889089584
152 173 0.564113855362
152 178 0.579957962036
152 183 0.58651304245
152 188 0.620678186417
152 193 0.632707834244
152 198 0.626916885376
157 3 0.0256180763245
157 8 0.190942049026
157 13 0.212218999863
157 18 0.230792045593
157 23 0.261260986328
157 28 0.270259141922
157 33 0.283025026321
157 38 0.292735099792
157 43 0.302370071411
157 48 0.313792943954
157 53 0.330749988556
157 58 0.330188989639
157 63 0.356283187866
157 68 0.368310928345
157 73 0.377028942108
157 78 0.382633924484
157 83 0.394865036011
157 88 0.397364139557
157 93 0.412527084351
157 98 0.421550989151
157 103 0.435589075089
157 108 0.438281774521
157 113 0.438570976257
157 118 0.452970027924
157 123 0.47393488884
157 128 0.492471218109
157 133 0.505105018616
157 138 0.50935292244
157 143 0.520802974701
157 148 0.531001091003
157 153 0.541048049927
157 158 0.553741931915
157 163 0.55982208252
157 168 0.579966068268
157 173 0.590286970139
157 178 0.593330860138
157 183 0.62208199501
157 188 0.625284910202
157 193 0.6286277771
157 198 0.636615037918
162 3 0.0331978797913
162 8 0.17618894577
162 13 0.205320119858
162 18 0.228729009628
162 23 0.249758005142
162 28 0.260054826736
162 33 0.288208007812
162 38 0.2967441082
162 43 0.311071157455
162 48 0.3236951828
162 53 0.339742183685
162 58 0.346890926361
162 63 0.365571975708
162 68 0.379625797272
162 73 0.388635158539
162 78 0.399089097977
162 83 0.409939050674
162 88 0.415996074677
162 93 0.430623054504
162 98 0.445933103561
162 103 0.453565120697
162 108 0.462946891785
162 113 0.477020978928
162 118 0.480210065842
162 123 0.491812944412
162 128 0.504693984985
162 133 0.5107421875
162 138 0.529333114624
162 143 0.543707132339
162 148 0.557749986649
162 153 0.558235168457
162 158 0.56972694397
162 163 0.580345153809
162 168 0.60239315033
162 173 0.626108169556
162 178 0.63410115242
162 183 0.630895137787
162 188 0.658483982086
162 193 0.662997961044
162 198 0.67654299736
167 3 0.0283639431
167 8 0.189616918564
167 13 0.21253323555
167 18 0.234772920609
167 23 0.257973909378
167 28 0.27768611908
167 33 0.291645050049
167 38 0.307350873947
167 43 0.325630903244
167 48 0.336347103119
167 53 0.348807096481
167 58 0.358528852463
167 63 0.379021167755
167 68 0.394905090332
167 73 0.400266170502
167 78 0.413630962372
167 83 0.42356300354
167 88 0.434667110443
167 93 0.452212095261
167 98 0.450496912003
167 103 0.470700979233
167 108 0.47873711586
167 113 0.492717027664
167 118 0.510521888733
167 123 0.517979860306
167 128 0.534024000168
167 133 0.529402971268
167 138 0.538707017899
167 143 0.585108041763
167 148 0.586579084396
167 153 0.582158088684
167 158 0.595005989075
167 163 0.603521823883
167 168 0.629999160767
167 173 0.634359121323
167 178 0.650768041611
167 183 0.651412963867
167 188 0.676177024841
167 193 0.678833007812
167 198 0.69580411911
172 3 0.029452085495
172 8 0.188460111618
172 13 0.224357843399
172 18 0.242854118347
172 23 0.271445035934
172 28 0.324250936508
172 33 0.302096843719
172 38 0.324326038361
172 43 0.337955951691
172 48 0.348035097122
172 53 0.362700939178
172 58 0.38099694252
172 63 0.39519906044
172 68 0.399961948395
172 73 0.412625074387
172 78 0.432941913605
172 83 0.435299158096
172 88 0.448611974716
172 93 0.468775033951
172 98 0.47004699707
172 103 0.480751991272
172 108 0.493000030518
172 113 0.512528181076
172 118 0.520196199417
172 123 0.511674880981
172 128 0.534857034683
172 133 0.556193828583
172 138 0.565351963043
172 143 0.585349082947
172 148 0.600943088531
172 153 0.602722883224
172 158 0.61817908287
172 163 0.639934062958
172 168 0.657468080521
172 173 0.656082868576
172 178 0.670351028442
172 183 0.692200899124
172 188 0.712713956833
172 193 0.713390827179
172 198 0.727030992508
177 3 0.030385017395
177 8 0.196415901184
177 13 0.230029821396
177 18 0.248347997665
177 23 0.267513036728
177 28 0.298660993576
177 33 0.320230007172
177 38 0.362287998199
177 43 0.349870204926
177 48 0.364536046982
177 53 0.367867946625
177 58 0.381979942322
177 63 0.404725074768
177 68 0.416064023972
177 73 0.429589033127
177 78 0.438858032227
177 83 0.455780982971
177 88 0.473793983459
177 93 0.48864197731
177 98 0.491535902023
177 103 0.492217063904
177 108 0.511001110077
177 113 0.52077293396
177 118 0.52952003479
177 123 0.561439990997
177 128 0.559683084488
177 133 0.571764945984
177 138 0.585423946381
177 143 0.603101015091
177 148 0.61599612236
177 153 0.632839918137
177 158 0.642101049423
177 163 0.658328056335
177 168 0.677361965179
177 173 0.700944185257
177 178 0.706912994385
177 183 0.708592891693
177 188 0.714318037033
177 193 0.748444080353
177 198 0.745729923248
182 3 0.0385770797729
182 8 0.196171998978
182 13 0.231873035431
182 18 0.263338088989
182 23 0.285181045532
182 28 0.298182010651
182 33 0.322599887848
182 38 0.337723970413
182 43 0.359418869019
182 48 0.372752189636
182 53 0.38861989975
182 58 0.400043010712
182 63 0.413098096848
182 68 0.439493894577
182 73 0.447427034378
182 78 0.453982114792
182 83 0.464353084564
182 88 0.48326086998
182 93 0.495808124542
182 98 0.50822687149
182 103 0.52742099762
182 108 0.524793863297
182 113 0.546360015869
182 118 0.5489320755
182 123 0.574239015579
182 128 0.579277992249
182 133 0.608912944794
182 138 0.611366033554
182 143 0.634300947189
182 148 0.639149904251
182 153 0.665441989899
182 158 0.675626039505
182 163 0.684139966965
182 168 0.699875831604
182 173 0.72058391571
182 178 0.717231988907
182 183 0.736799001694
182 188 0.767439842224
182 193 0.766789913177
182 198 0.777271986008
187 3 0.0327050685883
187 8 0.210188865662
187 13 0.243137121201
187 18 0.273955821991
187 23 0.289224863052
187 28 0.309324026108
187 33 0.339277982712
187 38 0.346377134323
187 43 0.362081050873
187 48 0.387543916702
187 53 0.397969961166
187 58 0.408596992493
187 63 0.436711072922
187 68 0.446394205093
187 73 0.465667963028
187 78 0.477261781693
187 83 0.474156141281
187 88 0.49081492424
187 93 0.509928941727
187 98 0.530673027039
187 103 0.542636871338
187 108 0.55740404129
187 113 0.560287952423
187 118 0.594135046005
187 123 0.593240022659
187 128 0.617038965225
187 133 0.611371040344
187 138 0.633820056915
187 143 0.665872812271
187 148 0.669318914413
187 153 0.690067052841
187 158 0.706656932831
187 163 0.702937841415
187 168 0.730277061462
187 173 0.771501779556
187 178 0.750811100006
187 183 0.772269964218
187 188 0.799039125443
187 193 0.801728010178
187 198 0.807789087296
192 3 0.0334010124207
192 8 0.218335151672
192 13 0.251070976257
192 18 0.275182008743
192 23 0.305594921112
192 28 0.328638076782
192 33 0.344696044922
192 38 0.364984989166
192 43 0.389568090439
192 48 0.409996986389
192 53 0.412734031677
192 58 0.432735919952
192 63 0.437072038651
192 68 0.466521978378
192 73 0.486424922943
192 78 0.496835947037
192 83 0.506829023361
192 88 0.520840883255
192 93 0.537636041641
192 98 0.54256606102
192 103 0.569943904877
192 108 0.572227954865
192 113 0.577163934708
192 118 0.60808300972
192 123 0.614541053772
192 128 0.62809586525
192 133 0.6394739151
192 138 0.659667015076
192 143 0.684501171112
192 148 0.702675819397
192 153 0.702853918076
192 158 0.721529006958
192 163 0.742033958435
192 168 0.75861787796
192 173 0.769005060196
192 178 0.779565095901
192 183 0.796190977097
192 188 0.830729007721
192 193 0.834837913513
192 198 0.845236063004
197 3 0.0425400733948
197 8 0.223682165146
197 13 0.259239912033
197 18 0.296489953995
197 23 0.314054012299
197 28 0.337604045868
197 33 0.362612962723
197 38 0.378154039383
197 43 0.408673048019
197 48 0.421368122101
197 53 0.433201789856
197 58 0.451951026917
197 63 0.483287096024
197 68 0.480690002441
197 73 0.508126020432
197 78 0.509665966034
197 83 0.536700963974
197 88 0.536290884018
197 93 0.549381971359
197 98 0.583348035812
197 103 0.589902877808
197 108 0.604322910309
197 113 0.620786905289
197 118 0.630650997162
197 123 0.631594896317
197 128 0.650954961777
197 133 0.685528993607
197 138 0.686185836792
197 143 0.718222856522
197 148 0.72910284996
197 153 0.734279155731
197 158 0.754561901093
197 163 0.77166390419
197 168 0.788056135178
197 173 0.797829151154
197 178 0.814857006073
197 183 0.817739009857
197 188 0.845764160156
197 193 0.860795974731
197 198 0.882415056229
