200 3 0.0100419521332
200 33 0.0074999332428
200 63 0.0106589794159
200 93 0.0148820877075
200 123 0.0207211971283
200 153 0.0242400169373
200 183 0.0282778739929
200 213 0.0328361988068
200 243 0.0376598834991
200 273 0.0420200824738
200 303 0.0463120937347
200 333 0.052473783493
200 363 0.0592350959778
200 393 0.0620608329773
200 423 0.0669529438019
200 453 0.0867249965668
200 483 0.076865196228
200 513 0.0791170597076
200 543 0.0873730182648
200 573 0.0893290042877
200 603 0.0958421230316
200 633 0.098993062973
200 663 0.111377954483
200 693 0.111590862274
200 723 0.110169172287
200 753 0.116008996964
200 783 0.119184970856
200 813 0.128023147583
200 843 0.127293109894
200 873 0.13143992424
200 903 0.138850927353
200 933 0.1407558918
200 963 0.146913051605
200 993 0.154757022858
200 1023 0.153555870056
200 1053 0.159592151642
200 1083 0.162727832794
200 1113 0.17068195343
200 1143 0.17266702652
200 1173 0.177766084671
200 1203 0.182654857635
200 1233 0.190767049789
200 1263 0.202420949936
200 1293 0.199835062027
200 1323 0.203281164169
200 1353 0.210211038589
200 1383 0.213242053986
200 1413 0.218347787857
200 1443 0.223484992981
200 1473 0.229629993439
200 1503 0.232949018478
200 1533 0.235481977463
200 1563 0.241252183914
200 1593 0.255117893219
200 1623 0.247343063354
200 1653 0.251233100891
200 1683 0.256006002426
200 1713 0.264181852341
200 1743 0.285507917404
200 1773 0.299229860306
200 1803 0.278096914291
200 1833 0.28292298317
200 1863 0.299195051193
200 1893 0.294763088226
200 1923 0.297120094299
200 1953 0.302787065506
200 1983 0.312335014343
200 2013 0.315640926361
200 2043 0.311151981354
200 2073 0.323934793472
200 2103 0.334080934525
200 2133 0.331529140472
200 2163 0.335416078568
200 2193 0.343127012253
200 2223 0.341553926468
200 2253 0.348268985748
200 2283 0.360656023026
200 2313 0.395889997482
200 2343 0.388016939163
200 2373 0.368014097214
200 2403 0.373723983765
200 2433 0.405349969864
200 2463 0.407947063446
200 2493 0.38117480278
200 2523 0.387006044388
200 2553 0.397619009018
200 2583 0.438223838806
200 2613 0.407124042511
200 2643 0.447558879852
200 2673 0.416259050369
200 2703 0.426050901413
200 2733 0.429299116135
200 2763 0.435052156448
200 2793 0.441638946533
200 2823 0.436850070953
200 2853 0.455595016479
200 2883 0.452651977539
200 2913 0.464413881302
200 2943 0.455929994583
200 2973 0.468857049942
200 3003 0.46711397171
200 3033 0.467028856277
200 3063 0.48136806488
200 3093 0.481867790222
200 3123 0.483136177063
200 3153 0.528132915497
200 3183 0.490176916122
200 3213 0.49697303772
200 3243 0.501996040344
200 3273 0.506499052048
200 3303 0.577222108841
200 3333 0.576150894165
200 3363 0.52515411377
200 3393 0.523176908493
200 3423 0.551419973373
200 3453 0.605638027191
200 3483 0.549698114395
200 3513 0.543245792389
200 3543 0.555382013321
200 3573 0.65327000618
200 3603 0.630273103714
200 3633 0.615453958511
200 3663 0.5735039711
200 3693 0.576257944107
200 3723 0.591917991638
200 3753 0.587481021881
200 3783 0.623754024506
200 3813 0.611200094223
200 3843 0.613596916199
200 3873 0.60570192337
200 3903 0.610068082809
200 3933 0.618746995926
200 3963 0.655077934265
200 3993 0.644510984421
200 4023 0.6112408638
200 4053 0.630982160568
200 4083 0.643553972244
200 4113 0.635651826859
200 4143 0.712220907211
200 4173 0.685153007507
200 4203 0.673701047897
200 4233 0.78969502449
200 4263 0.696707010269
200 4293 0.708096981049
200 4323 0.675966978073
200 4353 0.68202495575
200 4383 0.691998004913
200 4413 0.698284864426
200 4443 0.695954084396
200 4473 0.702023029327
200 4503 0.720996856689
200 4533 0.710062026978
200 4563 0.823658943176
200 4593 0.741219043732
200 4623 0.723812103271
200 4653 0.761442899704
200 4683 0.873574972153
200 4713 0.775588035583
200 4743 0.736762046814
200 4773 0.745491027832
200 4803 0.786448001862
200 4833 0.75089097023
200 4863 0.800713062286
200 4893 0.88823390007
200 4923 0.769479990005
200 4953 0.78636097908
200 4983 0.824512958527
200 5013 0.943932056427
200 5043 1.00667905807
200 5073 0.794602870941
200 5103 0.803099155426
200 5133 0.797721147537
200 5163 0.797291994095
200 5193 0.806987047195
200 5223 0.806380987167
200 5253 0.806022882462
200 5283 0.825313806534
200 5313 0.827219009399
200 5343 0.886458158493
200 5373 0.891606092453
200 5403 0.892549991608
200 5433 0.942850828171
200 5463 0.875837802887
200 5493 0.866744995117
200 5523 0.907707929611
200 5553 0.905613899231
200 5583 0.898347139359
200 5613 0.95167183876
200 5643 0.871948957443
200 5673 0.959611177444
200 5703 0.88884806633
200 5733 0.910263061523
200 5763 0.912931919098
200 5793 0.93540096283
200 5823 0.913198947906
200 5853 1.0022649765
200 5883 1.00484991074
200 5913 0.933096885681
200 5943 0.956202983856
200 5973 0.93802690506
200 6003 0.949243068695
200 6033 0.945040941238
200 6063 0.988420963287
200 6093 0.996428966522
200 6123 0.969017982483
200 6153 1.00706195831
200 6183 0.990769147873
200 6213 0.992802858353
200 6243 1.01658082008
200 6273 1.07939505577
200 6303 1.01889109612
200 6333 1.14021992683
200 6363 1.01361608505
200 6393 1.11899709702
200 6423 1.06304979324
200 6453 1.07493519783
200 6483 1.13447618484
200 6513 1.19367098808
200 6543 1.04964184761
200 6573 1.04729104042
200 6603 1.11719083786
200 6633 1.04875206947
200 6663 1.15696001053
200 6693 1.12171196938
200 6723 1.0522210598
200 6753 1.23385596275
200 6783 1.16751503944
200 6813 1.22152519226
200 6843 1.16542696953
200 6873 1.17704296112
200 6903 1.14018392563
200 6933 1.09826493263
200 6963 1.22335600853
200 6993 1.11598706245
200 7023 1.13943219185
200 7053 1.14225006104
200 7083 1.23846912384
200 7113 1.19576501846
200 7143 1.20342922211
200 7173 1.13132786751
200 7203 1.20046901703
200 7233 1.21119499207
200 7263 1.18819785118
200 7293 1.12921881676
200 7323 1.23774814606
200 7353 1.17487621307
200 7383 1.157132864
200 7413 1.16626214981
200 7443 1.19150710106
200 7473 1.22224903107
200 7503 1.19225716591
200 7533 1.25667595863
200 7563 1.20753598213
200 7593 1.24130415916
200 7623 1.27127885818
200 7653 1.3737449646
200 7683 1.23452591896
200 7713 1.38423204422
200 7743 1.29303598404
200 7773 1.37668514252
200 7803 1.36552715302
200 7833 1.32447695732
200 7863 1.37660312653
200 7893 1.43129897118
200 7923 1.38467812538
200 7953 1.36930084229
200 7983 1.30847501755
200 8013 1.29983401299
200 8043 1.32907605171
200 8073 1.3449409008
200 8103 1.37574911118
200 8133 1.5265519619
200 8163 1.30610895157
200 8193 1.45353102684
200 8223 1.35964894295
200 8253 1.44291210175
200 8283 1.32400202751
200 8313 1.60555410385
200 8343 1.3844499588
200 8373 1.31950497627
200 8403 1.46356201172
200 8433 1.52407598495
200 8463 1.40462398529
200 8493 1.46995902061
200 8523 1.35013484955
200 8553 1.35561704636
200 8583 1.38178396225
200 8613 1.34955787659
200 8643 1.48042201996
200 8673 1.4567899704
200 8703 1.38268899918
200 8733 1.48607087135
200 8763 1.36865115166
200 8793 1.38584184647
200 8823 1.39279818535
200 8853 1.44258308411
200 8883 1.48262691498
200 8913 1.44902300835
200 8943 1.50661802292
200 8973 1.46621704102
200 9003 1.46868109703
200 9033 1.4194381237
200 9063 1.5386300087
200 9093 1.46626591682
200 9123 1.43794608116
200 9153 1.48985290527
200 9183 1.43679213524
200 9213 1.42609786987
200 9243 1.75678420067
200 9273 1.45495581627
200 9303 1.5113799572
200 9333 1.52123594284
200 9363 1.5036380291
200 9393 1.548869133
200 9423 1.5428879261
200 9453 1.51834392548
200 9483 1.49052500725
200 9513 1.48182916641
200 9543 1.64716601372
200 9573 1.57613396645
200 9603 1.54705190659
200 9633 1.51277208328
200 9663 1.49301505089
200 9693 1.59805798531
200 9723 1.58264303207
200 9753 1.54238891602
200 9783 1.55387806892
200 9813 1.60166120529
200 9843 1.57014107704
200 9873 1.61989593506
200 9903 1.60827994347
200 9933 1.72983407974
200 9963 1.59116697311
200 9993 1.61881613731
200 10023 1.6541659832
200 10053 1.60374403
200 10083 1.63483691216
200 10113 1.65621995926
200 10143 1.61987304688
200 10173 1.61429309845
200 10203 1.65650010109
200 10233 1.66489315033
200 10263 1.62672305107
200 10293 1.66173100471
200 10323 1.61279678345
200 10353 1.68750405312
200 10383 1.72628808022
200 10413 1.65611791611
200 10443 1.66677808762
200 10473 1.68229007721
200 10503 1.69723987579
200 10533 1.75528717041
200 10563 1.68054080009
200 10593 1.64300107956
200 10623 1.71042180061
200 10653 1.70667099953
200 10683 1.91803884506
200 10713 1.83175206184
200 10743 1.71961092949
200 10773 1.75094509125
