200 5 0.0920670032501
200 505 2.15484786034
200 3005 10.6987249851
200 1005 3.9437289238
200 1505 5.67139601707
200 3505 12.13509202
200 2005 7.24482822418
200 2505 8.84366607666
200 4005 13.6563549042
200 4505 14.940333128
200 5005 16.62647295
200 5505 18.3799488544
200 6005 19.4908912182
200 6505 21.6673560143
200 7005 23.3456351757
200 11005 35.522108078
200 11505 38.0996081829
200 12005 41.3230500221
200 12505 43.3006329536
200 13005 44.9985208511
200 13505 46.8691120148
200 14005 46.8184788227
200 14505 50.5101890564
200 15005 53.2305319309
200 15505 54.2879221439
200 16005 55.4704091549
200 16505 59.2399971485
200 17005 63.158408165
200 17505 65.6365869045
200 18005 64.9848008156
200 18505 72.1029188633
200 19005 72.7917590141
200 19505 74.8545329571
200 20005 78.2231681347
200 20505 79.5459811687
200 21005 76.8865549564
200 21505 81.4063580036
200 22005 86.5829980373
200 22505 90.9331929684
200 23005 92.284126997
200 23505 94.2319860458
200 24005 93.0479090214
200 24505 96.8676838875
200 25005 102.448797941
200 25505 105.77630806
200 26005 112.944503069
